
NUMPOLLIES 36

// Ceiling 1
-3.0  3.0 -3.0 0.0 6.0
-3.0  3.0  3.0 0.0 0.0
 3.0  3.0  3.0 6.0 0.0
-3.0  3.0 -3.0 0.0 6.0
 3.0  3.0 -3.0 6.0 6.0
 3.0  3.0  3.0 6.0 0.0

// Floor 1
-3.0  2.0 -3.0 0.0 6.0
-3.0  0.0  3.0 0.0 0.0
 3.0  0.0  3.0 6.0 0.0
-3.0  2.0 -3.0 0.0 6.0
 3.0  2.0 -3.0 6.0 6.0
 3.0  0.0  3.0 6.0 0.0

// A1
-3.0  3.0  3.0 0.0 1.0
-3.0  0.0  3.0 0.0 0.0
 3.0  0.0  3.0 1.5 0.0
-3.0  3.0  3.0 0.0 1.0
 3.0  3.0  3.0 1.5 1.0
 3.0  0.0  3.0 1.5 0.0

// A2
 3.0  3.0  -3.0 2.0 1.0
 3.0  2.0  -3.0 2.0 0.0
-3.0  2.0  -3.0 0.5 0.0
 3.0  3.0  -3.0 2.0 1.0
-3.0  3.0  -3.0 0.5 1.0
-3.0  2.0  -3.0 0.5 0.0

// B1
-3.0  3.0   3.0 2.0  1.0
-3.0  3.0  -3.0 2.0 0.0
-3.0  2.0  -3.0 0.5 0.0
-3.0  0.0   3.0 2.0  1.0
-3.0  3.0   3.0 0.5  1.0
-3.0  2.0  -3.0 0.5 0.0

// B1
 3.0  3.0   3.0 2.0  1.0
 3.0  3.0  -3.0 2.0 0.0
 3.0  2.0  -3.0 0.5 0.0
 3.0  0.0   3.0 2.0  1.0
 3.0  3.0   3.0 0.5  1.0
 3.0  2.0  -3.0 0.5 0.0
